1556049139 1
1556049226 2
1556049423 3
1556050202 4
1556050304 5
1556050435 6
1556050787 7
1556060539 8
1556233128 9
1556331864 10
1558315480 11
1558673837 12
1558673912 13
1558674024 14
1558690448 15
1558934590 16
1558954230 17
1558954259 18
1559015791 19
1559119187 20
1559119252 21
1559269006 22
1559360304 23
1559361104 24
1559361165 25
1559369742 26
1559558669 27
1560303500 28
1560379995 29
1560387469 30
1560388252 31
1560391964 32
1560391991 33
1560393602 34
1560402516 35
1560707738 36
1560821452 37
1560821876 38
1560821896 39
1560821913 40
1560821931 41
1560822115 42
1560822138 43
1560822676 44
1560822696 45
1560822711 46
1560893297 47
1560924444 48
1561320884 49
1561346820 50
1561379119 51
1561502293 52
1561507251 53
1561934978 54
1561947038 55
1561947582 56
1562712304 57
1563118074 58
1563556718 59
1563755977 60
1563769515 61
1564046763 62
1564353865 63
1564526364 64
1564940394 65
1566423555 66
