1556049139 1
1556049226 2
1556049423 6
1556050202 6
1556050304 7
1556050435 7
1556050787 7
1556060539 17
1556233128 17
1556331864 17
1558315480 17
1558673837 17
1558673912 17
1558674024 17
1558954230 17
1558954259 19
1559119187 20
1559119252 31
1559269006 31
1559360304 32
1559361104 33
1559361165 33
1559369742 34
1559558669 34
1560303500 34
1560379995 34
1560387469 34
1560391964 34
1560391991 34
1560393602 34
1560402516 34
1560707738 34
1560821452 742
1560924444 747
1561947038 748
1561947582 748
1562712304 748
1563118074 749
1563556718 749
1563755977 749
1563769515 750
1564046763 750
1564353865 750
1564526364 750
1564940394 750
1566423555 843
