1556049139 1
1556049226 2
1556049423 7
1556050202 7
1556050304 8
1556050435 8
1556050787 8
1556060539 18
1556233128 18
1556331864 18
1558315480 18
1558673837 18
1558673912 18
1558674024 18
1558690448 19
1558934590 20
1558954230 20
1558954259 20
1559015791 31
1559119187 33
1559119252 33
1559269006 33
1559360304 35
1559361104 37
1559361165 37
1559369742 39
1559558669 39
1560303500 39
1560379995 39
1560387469 39
1560388252 39
1560391964 39
1560391991 39
1560393602 39
1560402516 39
1560707738 39
1560821452 747
1560821876 747
1560821896 747
1560821913 747
1560821931 747
1560822115 747
1560822138 747
1560822676 747
1560822696 747
1560822711 747
1560893297 747
1560924444 752
1561320884 752
1561346820 753
1561379119 753
1561502293 753
1561507251 753
1561934978 753
1561947038 753
1561947582 753
1562712304 753
1563118074 754
1563556718 754
1563755977 754
1563769515 755
1564046763 755
1564353865 755
1564526364 755
1564940394 755
1566423555 848
